-1404370566845668848 0.0 -5862591935522356556
-1404370566845668848 0.0 -6946220247473122953
4229269340980608253 0.0 -202194272972851836
4229269340980608253 0.0 -4638826471216398342
4229269340980608253 0.14 -3903546014829754326
5733520260352256568 0.0 6973053573796524980
5733520260352256568 0.0 -2583325972911732388
5733520260352256568 0.0 1922397463421332061
5733520260352256568 0.0 -3764389918525644990
5733520260352256568 0.14 2680590651809301580
5733520260352256568 0.14 648761219244924755
5733520260352256568 0.0 1993434431334998474
5733520260352256568 0.0 6611308686422918953
5733520260352256568 0.0 -876791677059267732
8397737359333684513 0.0 3826507055508031474
8397737359333684513 0.0 -8827532558080389656
8397737359333684513 0.0 8517898068915280320
8397737359333684513 0.14 -5645906751415698305
8397737359333684513 0.0 6589449920607977184
-1358733788765873698 0.0 -8767643409353702886
-1358733788765873698 0.0 6385997002297244989
-1358733788765873698 0.0 -1344586854010915034
-1358733788765873698 0.14 -8369781797459609871
-1358733788765873698 0.0 2629316904976773164
-1358733788765873698 0.18 391666677777525528
-1358733788765873698 0.14 8946623408907671567
-1358733788765873698 0.0 -8837466954418599793
-433258050693882980 0.0 -3607893324250270237
-433258050693882980 0.0 -9200035995188674333
-433258050693882980 0.0 3146447188840651771
-433258050693882980 0.0 5729715762487022387
-433258050693882980 0.0 6973053573796524980
-433258050693882980 0.0 6775799140471486164
-433258050693882980 0.0 3097553116092503623
-433258050693882980 0.0 -6946220247473122953
-433258050693882980 0.0 1136497038732632990
-433258050693882980 0.0 4245185276605860722
-433258050693882980 0.0 6112601971662288241
8534695352505151744 0.0 3146447188840651771
8534695352505151744 0.0 -9200035995188674333
8534695352505151744 0.0 5729715762487022387
8534695352505151744 0.18 1513912190312764577
8534695352505151744 0.0 -5976141656204121847
8534695352505151744 0.0 -5452273006589170151
8534695352505151744 0.0 4640516116801946172
8534695352505151744 0.0 -4366229940477873418
8534695352505151744 0.0 3027049625380991323
5729715762487022387 0.0 8534695352505151744
5729715762487022387 0.0 -1404370566845668848
5729715762487022387 0.0 -2359806967397635946
5729715762487022387 0.0 -433258050693882980
5729715762487022387 0.0 1136497038732632990
5729715762487022387 0.0 7951577192374934380
5729715762487022387 0.0 -7580838502303437353
5729715762487022387 0.0 -2583325972911732388
5729715762487022387 0.0 6385997002297244989
5729715762487022387 0.0 -8749383520301419783
5729715762487022387 0.0 -6957739267647684810
-9200035995188674333 0.0 -1404370566845668848
-9200035995188674333 0.0 -2359806967397635946
-9200035995188674333 0.0 -433258050693882980
-9200035995188674333 0.0 1136497038732632990
-9200035995188674333 0.0 7951577192374934380
-9200035995188674333 0.0 8534695352505151744
-9200035995188674333 0.0 -6957739267647684810
-9200035995188674333 0.0 -8749383520301419783
-9200035995188674333 0.0 6385997002297244989
-9200035995188674333 0.0 -2583325972911732388
-9200035995188674333 0.0 -7580838502303437353
-1105415585519563272 0.14 -1358733788765873698
-1105415585519563272 0.14 6818415866204324766
-3182432706271244125 0.0 5733520260352256568
7990144648012682187 0.14 -3903546014829754326
7990144648012682187 0.0 -4638826471216398342
7990144648012682187 0.0 -202194272972851836
6818415866204324766 0.0 -8837466954418599793
6818415866204324766 0.14 8946623408907671567
6818415866204324766 0.18 391666677777525528
6818415866204324766 0.0 2629316904976773164
6818415866204324766 0.14 -8369781797459609871
6818415866204324766 0.0 -1344586854010915034
6818415866204324766 0.0 6385997002297244989
6818415866204324766 0.0 -8767643409353702886
7951577192374934380 0.0 5729715762487022387
7951577192374934380 0.0 3146447188840651771
7951577192374934380 0.0 -9200035995188674333
7951577192374934380 0.0 3027049625380991323
7951577192374934380 0.0 -4366229940477873418
7951577192374934380 0.0 4640516116801946172
7951577192374934380 0.0 -5452273006589170151
7951577192374934380 0.0 -5976141656204121847
7951577192374934380 0.18 1513912190312764577
4486979116871312843 0.0 3826507055508031474
4486979116871312843 0.0 -8827532558080389656
4486979116871312843 0.0 8517898068915280320
4486979116871312843 0.14 -5645906751415698305
4486979116871312843 0.0 6589449920607977184
6385997002297244989 0.0 -1404370566845668848
-2465960107594585566 0.14 -1404370566845668848
-2465960107594585566 0.14 -2359806967397635946
-2465960107594585566 0.14 -433258050693882980
-2465960107594585566 0.14 8534695352505151744
-2465960107594585566 0.14 7951577192374934380
-6946220247473122953 0.0 -1404370566845668848
-9110645206236131414 0.0 3550794525501632103
-9110645206236131414 0.14 -1404370566845668848
-9110645206236131414 0.14 -433258050693882980
-9110645206236131414 0.14 -2359806967397635946
-9110645206236131414 0.14 -9200035995188674333
-9110645206236131414 0.14 3146447188840651771
-9110645206236131414 0.14 5729715762487022387
-9110645206236131414 0.14 -1358733788765873698
-9110645206236131414 0.14 6818415866204324766
-9110645206236131414 0.14 8534695352505151744
-9110645206236131414 0.14 7951577192374934380
-9110645206236131414 0.14 4229269340980608253
-9110645206236131414 0.14 7990144648012682187
-8681866594656472097 0.0 -2359806967397635946
-8681866594656472097 0.0 -433258050693882980
-8681866594656472097 0.14 -1404370566845668848
1316895977036669910 0.14 -1404370566845668848
-2330263059526899957 0.0 -1404370566845668848
3146447188840651771 0.0 -1404370566845668848
3146447188840651771 0.0 -433258050693882980
3146447188840651771 0.0 -2359806967397635946
3146447188840651771 0.0 1136497038732632990
3146447188840651771 0.0 8534695352505151744
3146447188840651771 0.0 7951577192374934380
3146447188840651771 0.0 -6957739267647684810
3146447188840651771 0.0 -8749383520301419783
3146447188840651771 0.0 6385997002297244989
3146447188840651771 0.0 -2583325972911732388
3146447188840651771 0.0 -7580838502303437353
2680590651809301580 0.0 -433258050693882980
2680590651809301580 0.0 -2359806967397635946
2680590651809301580 0.0 6818415866204324766
2680590651809301580 0.0 -1358733788765873698
2680590651809301580 0.14 -1404370566845668848
-6403707446031174639 0.0 -1404370566845668848
3817360068423548587 0.0 -433258050693882980
3817360068423548587 0.0 -2359806967397635946
3817360068423548587 0.14 -1404370566845668848
2949072746909364952 0.0 -1404370566845668848
6973053573796524980 0.0 -1404370566845668848
-8107657993363674378 0.14 -1404370566845668848
-8107657993363674378 0.14 -2359806967397635946
-8107657993363674378 0.14 -433258050693882980
-8107657993363674378 0.14 5729715762487022387
-8107657993363674378 0.14 3146447188840651771
-8107657993363674378 0.14 -9200035995188674333
7277588926121849118 0.14 -1404370566845668848
-4976776272298664142 0.14 -1404370566845668848
7122654621541670862 0.0 3550794525501632103
7122654621541670862 0.14 -1404370566845668848
7122654621541670862 0.14 -1358733788765873698
7122654621541670862 0.14 6818415866204324766
-902509353250689115 0.0 -1404370566845668848
2283249723520615417 0.0 -1358733788765873698
2283249723520615417 0.0 6818415866204324766
2283249723520615417 0.0 5729715762487022387
2283249723520615417 0.0 -9200035995188674333
2283249723520615417 0.0 3146447188840651771
2283249723520615417 0.14 -1404370566845668848
2283249723520615417 0.14 7951577192374934380
2283249723520615417 0.14 8534695352505151744
4129067907621645478 0.14 4229269340980608253
4129067907621645478 0.14 7990144648012682187
1030978431420605617 0.14 7990144648012682187
1030978431420605617 0.14 4229269340980608253
-4495698716295578237 0.14 4229269340980608253
-4495698716295578237 0.14 7990144648012682187
-202194272972851836 0.0 7990144648012682187
-202194272972851836 0.0 4229269340980608253
750749538787593769 0.14 4229269340980608253
750749538787593769 0.14 7990144648012682187
-4638826471216398342 0.0 7990144648012682187
-4638826471216398342 0.0 4229269340980608253
-2831595466554162865 0.14 7990144648012682187
-2831595466554162865 0.14 4229269340980608253
-7243798076679957768 0.0 4229269340980608253
-7243798076679957768 0.0 7990144648012682187
8650782798875876041 0.14 7990144648012682187
8650782798875876041 0.14 4229269340980608253
8650782798875876041 0.14 3146447188840651771
8650782798875876041 0.14 5729715762487022387
8650782798875876041 0.14 -9200035995188674333
-2117030709395015470 0.14 4229269340980608253
-2117030709395015470 0.14 7990144648012682187
-4315536536582756767 0.14 4229269340980608253
-4315536536582756767 0.14 7990144648012682187
4772179858922546247 0.14 4229269340980608253
4772179858922546247 0.14 7990144648012682187
-2562434234940283127 0.14 7990144648012682187
-2562434234940283127 0.14 4229269340980608253
-3903546014829754326 0.0 4229269340980608253
-3903546014829754326 0.0 7990144648012682187
9042610422483981093 0.14 4229269340980608253
9042610422483981093 0.14 7990144648012682187
5623120665164809898 0.14 7990144648012682187
5623120665164809898 0.14 4229269340980608253
-8455530034786009744 0.14 4229269340980608253
-8455530034786009744 0.14 7990144648012682187
-9049090337078255007 0.14 5733520260352256568
2032139385135202384 0.0 5733520260352256568
-8034411706432844126 0.0 5733520260352256568
1787273952600850988 0.0 5733520260352256568
96520368011807309 0.14 5729715762487022387
96520368011807309 0.14 3146447188840651771
96520368011807309 0.14 -9200035995188674333
96520368011807309 0.14 5733520260352256568
3050780747194840328 0.0 5733520260352256568
-7571065062528833148 0.0 5733520260352256568
6419599489789799303 0.14 5733520260352256568
-6235215670700568790 0.0 5733520260352256568
-970723777369913345 0.0 5733520260352256568
1234786162245047242 0.0 5733520260352256568
4741019606861610870 0.0 -9200035995188674333
4741019606861610870 0.0 3146447188840651771
4741019606861610870 0.0 5729715762487022387
4741019606861610870 0.0 8397737359333684513
4741019606861610870 0.0 4486979116871312843
-6103651744222634685 0.0 8397737359333684513
-6103651744222634685 0.0 4486979116871312843
-4272267353318822860 0.0 4486979116871312843
-4272267353318822860 0.0 8397737359333684513
-8986226160739294338 0.0 8397737359333684513
-8986226160739294338 0.0 4486979116871312843
-5289927680500354467 0.0 4486979116871312843
-5289927680500354467 0.0 8397737359333684513
-6759361035092955187 0.14 8397737359333684513
-6759361035092955187 0.14 4486979116871312843
7490560730603666560 0.14 4486979116871312843
7490560730603666560 0.14 8397737359333684513
9025275841337388637 0.0 4486979116871312843
9025275841337388637 0.0 8397737359333684513
1937929080964499125 0.14 4486979116871312843
1937929080964499125 0.14 8397737359333684513
5914545862234563399 0.14 4486979116871312843
5914545862234563399 0.14 8397737359333684513
180779014872845286 0.14 4486979116871312843
180779014872845286 0.14 8397737359333684513
1440283988767934208 0.14 4486979116871312843
1440283988767934208 0.14 8397737359333684513
-1883335381007414591 0.0 4486979116871312843
-1883335381007414591 0.0 8397737359333684513
-4537024345365555538 0.0 4486979116871312843
-4537024345365555538 0.0 8397737359333684513
-3471806091729610565 0.0 4486979116871312843
-3471806091729610565 0.0 8397737359333684513
3625694153369304701 0.14 -1358733788765873698
3625694153369304701 0.14 6818415866204324766
6999147814313024098 0.0 6818415866204324766
6999147814313024098 0.0 -1358733788765873698
3762604285416101899 0.0 6818415866204324766
3762604285416101899 0.0 -1358733788765873698
-5087431421269331739 0.0 6818415866204324766
-5087431421269331739 0.0 -1358733788765873698
4977305542631919044 0.0 6818415866204324766
4977305542631919044 0.0 -1358733788765873698
48987176917732904 0.0 3550794525501632103
48987176917732904 0.14 -1404370566845668848
48987176917732904 0.14 -2359806967397635946
48987176917732904 0.14 -433258050693882980
48987176917732904 0.14 -9200035995188674333
48987176917732904 0.14 3146447188840651771
48987176917732904 0.14 5729715762487022387
48987176917732904 0.14 -1358733788765873698
48987176917732904 0.14 6818415866204324766
48987176917732904 0.14 8534695352505151744
48987176917732904 0.14 7951577192374934380
48987176917732904 0.14 4229269340980608253
48987176917732904 0.14 7990144648012682187
-8108973452505776105 0.0 -1358733788765873698
-8108973452505776105 0.0 6818415866204324766
6082729313333280303 0.14 -1358733788765873698
6082729313333280303 0.14 6818415866204324766
4472826694363882248 0.14 6818415866204324766
4472826694363882248 0.14 -1358733788765873698
3097553116092503623 0.0 -2359806967397635946
3097553116092503623 0.0 -433258050693882980
4245185276605860722 0.0 -2359806967397635946
4245185276605860722 0.0 -433258050693882980
-3607893324250270237 0.0 -2359806967397635946
-3607893324250270237 0.0 -433258050693882980
-2620314781868184829 0.0 -433258050693882980
-2620314781868184829 0.0 -2359806967397635946
-749161941152466409 0.0 -2359806967397635946
-749161941152466409 0.0 -433258050693882980
3482457537587956867 0.0 -2359806967397635946
3482457537587956867 0.0 -433258050693882980
2038615229482580216 0.14 -433258050693882980
2038615229482580216 0.14 -2359806967397635946
6775799140471486164 0.0 -2359806967397635946
6775799140471486164 0.0 -433258050693882980
1136497038732632990 0.0 -9200035995188674333
1136497038732632990 0.0 3146447188840651771
1136497038732632990 0.0 5729715762487022387
6112601971662288241 0.0 -433258050693882980
6112601971662288241 0.0 -2359806967397635946
-1810783489864140882 0.0 -433258050693882980
-1810783489864140882 0.0 -2359806967397635946
-1810783489864140882 0.14 -9200035995188674333
-1810783489864140882 0.14 3146447188840651771
-1810783489864140882 0.14 5729715762487022387
1926368068464149058 0.0 3550794525501632103
-2151983044445038608 0.0 3550794525501632103
-6079575198087298454 0.0 3550794525501632103
-2594065917743751498 0.0 3550794525501632103
-3430705664933819373 0.0 3550794525501632103
-7681017220888477615 0.0 3550794525501632103
-1487007222963127049 0.0 3550794525501632103
-6144940569334148349 0.0 3550794525501632103
6566333258829693746 0.0 3550794525501632103
393815664861123715 0.0 3550794525501632103
5284680491447895978 0.0 7951577192374934380
5284680491447895978 0.0 8534695352505151744
5284680491447895978 0.14 3146447188840651771
5284680491447895978 0.14 -9200035995188674333
5284680491447895978 0.14 5729715762487022387
7424056321758457630 0.0 7951577192374934380
7424056321758457630 0.0 8534695352505151744
7424056321758457630 0.14 -9200035995188674333
7424056321758457630 0.14 3146447188840651771
7424056321758457630 0.14 5729715762487022387
-3590529527523566566 0.14 7951577192374934380
-3590529527523566566 0.14 8534695352505151744
-6381908453293663723 0.14 7951577192374934380
-6381908453293663723 0.14 8534695352505151744
1513912190312764577 0.0 -9200035995188674333
1513912190312764577 0.0 3146447188840651771
1513912190312764577 0.0 5729715762487022387
-4366229940477873418 0.0 7951577192374934380
-4366229940477873418 0.0 8534695352505151744
4651024222754561541 0.14 7951577192374934380
4651024222754561541 0.14 8534695352505151744
1899515675493064962 0.0 7951577192374934380
1899515675493064962 0.0 8534695352505151744
4640516116801946172 0.0 7951577192374934380
4640516116801946172 0.0 8534695352505151744
-4118932507223997734 0.14 8534695352505151744
-4118932507223997734 0.14 7951577192374934380
-5976141656204121847 0.0 7951577192374934380
-5976141656204121847 0.0 8534695352505151744
7705195987032958069 0.14 8534695352505151744
7705195987032958069 0.14 7951577192374934380
-56906667011322980 0.14 8534695352505151744
-56906667011322980 0.14 7951577192374934380
-5452273006589170151 0.0 7951577192374934380
-5452273006589170151 0.0 8534695352505151744
2323251065697544353 0.14 8534695352505151744
2323251065697544353 0.14 7951577192374934380
-7580838502303437353 0.0 -9200035995188674333
-7580838502303437353 0.0 3146447188840651771
-7580838502303437353 0.0 5729715762487022387
-2359806967397635946 0.0 5729715762487022387
-2359806967397635946 0.0 3146447188840651771
-2359806967397635946 0.0 -9200035995188674333
-2359806967397635946 0.0 -3607893324250270237
-2359806967397635946 0.0 6112601971662288241
-2359806967397635946 0.0 4245185276605860722
-2359806967397635946 0.0 1136497038732632990
-2359806967397635946 0.0 -6946220247473122953
-2359806967397635946 0.0 3097553116092503623
-2359806967397635946 0.0 6775799140471486164
-2359806967397635946 0.0 6973053573796524980
5730222629860468440 0.14 3146447188840651771
5730222629860468440 0.14 5729715762487022387
5730222629860468440 0.14 -9200035995188674333
-8749383520301419783 0.0 -9200035995188674333
-8749383520301419783 0.0 5729715762487022387
-8749383520301419783 0.0 3146447188840651771
-6957739267647684810 0.0 -9200035995188674333
-6957739267647684810 0.0 5729715762487022387
-6957739267647684810 0.0 3146447188840651771
774139908668735760 0.0 -9200035995188674333
774139908668735760 0.0 5729715762487022387
774139908668735760 0.0 3146447188840651771
8218900208554325187 0.14 5729715762487022387
8218900208554325187 0.14 3146447188840651771
8218900208554325187 0.14 -9200035995188674333
